0.000000000000000000e+00 3.196404229755679580e+02 3.771538147758815853e+02 4.536794022214365327e+02 4.048271235972214299e+02 8.122961282685027982e+02 5.502163210956214243e+02 7.901620087045440641e+02 6.453681120105021307e+01 2.672695268825086146e+02 1.431223253025187603e+02 4.033174928018867718e+02 4.780167361086848246e+02 2.156478611069444469e+02 2.480403193031326623e+02 4.083148295127180631e+02 7.068047821004042817e+02 3.034419219554213214e+02 3.657280410359588245e+02 9.868074786907525322e+02 1.104647002440146025e+03 3.565347107926519925e+02 9.216355027883854518e+02 1.028809506176920877e+03 8.745152943202308506e+02 9.945013826033626856e+02 7.957009488495033338e+02 5.204238657094811060e+02 4.576832966145913701e+02 9.249789186786907749e+02 5.527576322403879203e+02 4.961370778323264972e+02 1.045495576269933281e+03 7.587021813597216351e+02 3.842525211368169948e+02 1.199171797533614381e+03 6.483733492363793403e+02 8.752011197433422467e+02 4.715347283074704592e+02 3.722633476451852061e+02 8.241650320172532247e+02 8.040895472520458043e+02 6.524354374189066448e+02 4.808201326899696255e+02 1.161509793329354579e+03 1.104626633754591239e+03 3.479683893689195315e+02 8.639450213989314307e+02 3.850324661635690973e+02 6.935416353759880792e+01
3.196404229755679580e+02 0.000000000000000000e+00 3.399485255152609398e+02 1.623730273167313953e+02 1.535740863557390696e+02 5.277546778570513197e+02 5.316991630612183144e+02 6.176681957167618293e+02 3.203513695928269271e+02 2.449836729253604801e+02 3.779232726361265122e+02 1.090000000000000000e+02 1.684339633209407054e+02 3.326409475695979268e+02 4.483324659223331423e+02 3.993356983791957191e+02 3.944426447533278406e+02 1.583445610054226051e+02 4.830113870293328659e+01 8.800823825074559181e+02 8.743094417882034577e+02 4.652794859006788215e+02 6.710186286534823239e+02 7.943456426518622493e+02 6.393129124302120090e+02 7.187523913003698226e+02 6.363976744143554924e+02 3.882125706362430719e+02 2.451774867315512836e+02 7.719922279401522474e+02 5.473655085954904962e+02 3.270015290484128627e+02 9.123754709548037454e+02 6.787348525013284188e+02 2.545662978479280127e+02 9.907577907844075753e+02 4.727303671227394375e+02 7.267771322764633624e+02 2.652112365643657768e+02 1.362130683891967919e+02 7.298013428324176175e+02 6.290007949120573585e+02 3.412594321040812133e+02 1.678392087683923819e+02 8.902948949645841594e+02 9.646398291590494409e+02 4.708333038348073387e+02 7.370189956846430732e+02 1.859139585937537902e+02 2.553272410065169709e+02
3.771538147758815853e+02 3.399485255152609398e+02 0.000000000000000000e+00 3.184022612985027081e+02 2.510179276466125202e+02 5.551666416491538030e+02 1.974360656009939703e+02 4.255408323533712291e+02 4.301743832447487534e+02 1.214907403878995211e+02 2.940153057240387966e+02 3.092216033850157828e+02 3.681643654673819697e+02 1.806017718628474711e+02 2.712802978470791686e+02 6.016643582596529427e+01 5.377769054171069456e+02 1.816039647144301625e+02 3.447462835187639598e+02 6.109680842728203061e+02 7.609112957500368566e+02 1.852997571504075154e+02 6.056640983251360240e+02 6.912539330810350293e+02 5.465016010955503134e+02 7.054034306692873315e+02 4.257945513977368819e+02 1.614001239156897327e+02 5.849555538671293107e+02 5.506623284736300548e+02 2.100000000000000000e+02 1.760710084028600022e+02 6.683711543745735071e+02 3.852531635171864650e+02 1.098954048174899754e+02 8.392866018232389251e+02 2.963798238747030496e+02 5.006755436407893853e+02 2.066301042926707794e+02 2.360444873323670834e+02 4.488084223808639877e+02 4.399784085611474893e+02 4.898418112003098486e+02 4.664000428816447084e+02 8.568080298409906845e+02 7.276434566461791746e+02 2.012287255836005215e+02 4.869537965762254998e+02 5.218783383126760782e+02 3.680774375046642035e+02
4.536794022214365327e+02 1.623730273167313953e+02 3.184022612985027081e+02 0.000000000000000000e+00 6.964194138592060312e+01 3.674914965002591885e+02 4.778001674340434874e+02 4.791252445864233778e+02 4.677713116470483214e+02 2.782588722754406376e+02 4.731268328894483943e+02 5.412947441089742995e+01 5.024937810560444973e+01 3.936864234387566626e+02 5.162450968290158926e+02 3.760000000000000000e+02 2.573868683519032743e+02 1.804217281815025729e+02 1.195073219514185183e+02 7.591271303279839913e+02 7.143178564196754223e+02 4.879877047631425739e+02 5.092514113873421593e+02 6.341009383371073227e+02 4.800541636107325871e+02 5.573670245000147361e+02 5.025385557347814256e+02 2.938468989116611283e+02 3.454113489739443708e+02 6.357523102592707573e+02 4.982930864461195597e+02 2.225241559921079784e+02 7.800743554303012388e+02 5.789162288276257868e+02 2.090095691589262970e+02 8.342289853511445017e+02 3.416035714099019742e+02 5.937945772739930135e+02 1.513274595042155681e+02 9.625487000666511506e+01 6.202201222146859436e+02 4.889427369334777040e+02 2.029704411977271263e+02 1.697439247808297864e+02 7.286288492778747923e+02 8.287128573878892439e+02 4.993165328726858547e+02 6.126140710104526761e+02 3.109421167998957571e+02 3.975738925030163387e+02
4.048271235972214299e+02 1.535740863557390696e+02 2.510179276466125202e+02 6.964194138592060312e+01 0.000000000000000000e+00 4.075782133529710904e+02 4.190286386394132592e+02 4.642165442980247576e+02 4.264270160297070333e+02 2.098237355496274574e+02 4.108442527284518064e+02 6.551335741663679357e+01 1.178346298844274429e+02 3.264980857524282669e+02 4.488262470043391090e+02 3.095835912964380441e+02 3.200031249847413619e+02 1.148651383144598839e+02 1.268227108999015229e+02 7.312017505449505279e+02 7.282746734577551706e+02 4.183993307834036273e+02 5.304573498406822409e+02 6.490192601148289668e+02 4.930821432580985402e+02 5.921418748914824164e+02 4.835380026430187286e+02 2.476933588128676433e+02 3.755862084794914040e+02 6.189450702606815184e+02 4.384084853193423328e+02 1.803136156811237640e+02 7.602118125890967804e+02 5.383846208799059241e+02 1.430139853301067774e+02 8.406093028274193557e+02 3.198827910344662655e+02 5.742281776436959717e+02 1.134636505670428335e+02 3.275667870831839679e+01 5.850444427562747478e+02 4.754671387172829782e+02 2.664000750750644784e+02 2.217137794545029976e+02 7.613474896523925963e+02 8.118035476640884553e+02 4.296754589221962988e+02 5.866668560605754692e+02 3.292005467796188327e+02 3.544982369490714404e+02
8.122961282685027982e+02 5.277546778570513197e+02 5.551666416491538030e+02 3.674914965002591885e+02 4.075782133529710904e+02 0.000000000000000000e+00 6.062449999793813049e+02 3.545433682922302410e+02 8.326583933402700950e+02 5.866327641719306030e+02 8.032863748377660613e+02 4.215447781671598477e+02 3.628015986734347393e+02 7.024734870441731118e+02 8.165102571309192854e+02 5.898016615778561800e+02 1.936440032637210322e+02 5.134218538395108453e+02 4.813855004048210731e+02 6.375766620571992007e+02 3.980452235613436187e+02 7.386487663294375352e+02 1.898341381311591078e+02 3.217359165526907532e+02 2.083314666583039241e+02 1.923746345025767823e+02 3.907492802296633840e+02 4.184925327888180959e+02 6.424865757352444007e+02 4.750168418066879212e+02 6.305442093937584787e+02 3.795220678695772563e+02 6.114785360092372457e+02 5.652556943543337411e+02 4.688976434148501653e+02 5.378549990471409501e+02 3.262407086799561284e+02 4.575609249050884841e+02 3.612339961852981673e+02 4.400511333924729342e+02 5.653963211765708365e+02 3.528526604689271835e+02 2.199931817125248870e+02 4.504586551505032617e+02 3.641565597377040149e+02 6.388153097727073373e+02 7.555772627600700844e+02 5.068589547398763102e+02 6.380164574679872658e+02 7.612522577963234198e+02
5.502163210956214243e+02 5.316991630612183144e+02 1.974360656009939703e+02 4.778001674340434874e+02 4.190286386394132592e+02 6.062449999793813049e+02 0.000000000000000000e+00 3.538615548487854312e+02 6.091050812462493695e+02 3.165706872090339061e+02 4.373030985483638347e+02 4.832649376894624424e+02 5.275395719754111497e+02 3.355741348793139878e+02 3.712276929325181527e+02 1.466049112410631210e+02 6.481674166448048027e+02 3.747332384510346515e+02 5.299481106674501234e+02 4.491603277227408739e+02 7.004691285131700624e+02 2.342584043316269060e+02 5.938770916612292012e+02 6.442243398071823322e+02 5.258374273480350212e+02 7.134010092507579657e+02 3.375233325268047224e+02 2.027140843651471585e+02 7.765565014858867698e+02 4.324118407259449555e+02 2.435159132377184221e+01 2.691505155113027286e+02 5.222767465625862542e+02 2.201113354645780191e+02 2.809199174141983235e+02 7.477974324641667181e+02 2.846928169097351997e+02 3.848597147013441031e+02 3.339116649654516209e+02 4.133594077797189925e+02 2.890432493589843261e+02 3.675894448974290185e+02 6.094341637945808543e+02 6.407386362628681127e+02 8.393860851836894881e+02 5.833780935208314986e+02 2.526420392571276068e+02 3.516887828748593847e+02 7.161256872923913761e+02 5.535991329472979032e+02
7.901620087045440641e+02 6.176681957167618293e+02 4.255408323533712291e+02 4.791252445864233778e+02 4.642165442980247576e+02 3.545433682922302410e+02 3.538615548487854312e+02 0.000000000000000000e+00 8.345351999766097606e+02 5.230152961434301915e+02 7.195554182966034205e+02 5.194121677434982303e+02 5.116014073475560622e+02 6.061319988253384281e+02 6.860029154456998413e+02 4.224038352098617111e+02 4.915007629699063045e+02 5.093181716766052887e+02 5.881028821558350046e+02 2.976592011008562508e+02 3.478174808717928954e+02 5.647698646351450407e+02 2.615645235883490614e+02 2.906561542441515371e+02 1.927718859170081487e+02 3.897858386344993846e+02 3.622154055254966920e+01 2.700462923278155358e+02 8.240206308096903740e+02 1.567226850203888091e+02 3.740655022853617879e+02 3.024235440570062678e+02 3.022002647252314773e+02 2.242431715794262459e+02 4.097047717564441314e+02 4.137934267240116242e+02 1.469965986001036811e+02 1.182581921052406386e+02 3.534642839099871594e+02 4.836196852900014278e+02 2.120094337523686647e+02 1.456021977856103611e+01 4.809365862564418990e+02 6.375013725475420188e+02 4.923098617740660075e+02 3.495883293246500898e+02 5.840770497117653122e+02 1.556181223379848007e+02 7.885036461551715092e+02 7.650895372438444610e+02
6.453681120105021307e+01 3.203513695928269271e+02 4.301743832447487534e+02 4.677713116470483214e+02 4.264270160297070333e+02 8.326583933402700950e+02 6.091050812462493695e+02 8.345351999766097606e+02 0.000000000000000000e+00 3.149634899476445753e+02 2.072703548508565632e+02 4.150614412349092390e+02 4.859681059493513544e+02 2.768122107133281702e+02 3.120208326378224228e+02 4.653536289747830210e+02 7.141498442203849208e+02 3.350492501110844046e+02 3.683313725438005690e+02 1.041114787139247255e+03 1.140750630067763723e+03 4.204878119517853747e+02 9.522189874183353595e+02 1.063677582728901825e+03 9.083094186454305827e+02 1.018567621711980451e+03 8.420789749186236577e+02 5.663426524640361777e+02 4.231040061261533083e+02 9.732610132949947683e+02 6.126940508932659668e+02 5.360083954566383682e+02 1.097047856750105439e+03 8.142886466112615835e+02 4.253810056878421619e+02 1.240006451596119632e+03 6.905280588071711918e+02 9.237586264820480437e+02 5.044620897550181553e+02 3.947771523277404526e+02 8.787974738243163983e+02 8.481963216142828514e+02 6.604490896352268692e+02 4.716407531161826796e+02 1.187539473028160046e+03 1.155588594613152054e+03 4.122487113381920381e+02 9.151841344778656548e+02 3.531416146533852043e+02 7.236711960552250389e+01
2.672695268825086146e+02 2.449836729253604801e+02 1.214907403878995211e+02 2.782588722754406376e+02 2.098237355496274574e+02 5.866327641719306030e+02 3.165706872090339061e+02 5.230152961434301915e+02 3.149634899476445753e+02 0.000000000000000000e+00 2.176809592040608266e+02 2.496116984438029078e+02 3.224484454916785694e+02 1.184440796325422127e+02 2.396434852024982547e+02 1.711724276862368868e+02 5.275945412909425158e+02 1.008959860450355137e+02 2.630019011338130781e+02 7.290500668678386091e+02 8.432994723109934512e+02 2.220090088262185759e+02 6.699440275127467430e+02 7.693529749081367299e+02 6.176082900998010246e+02 7.557155549543756479e+02 5.285158464984754119e+02 2.531600284405103309e+02 4.841993391156167377e+02 6.585992711808903550e+02 3.267108813614875658e+02 2.342925521650229541e+02 7.824321056807420973e+02 5.054305095658551750e+02 1.237133784196357595e+02 9.332663071171057254e+02 3.825140520294646649e+02 6.089893266716585458e+02 2.264155471693584900e+02 1.823869512876401018e+02 5.676979830860772154e+02 5.370000000000000000e+02 4.748526087113768881e+02 3.947923504831368859e+02 9.166635151460976658e+02 8.407502601843189041e+02 2.295582714693591697e+02 6.005231053007036053e+02 4.166353321551113709e+02 2.495375723212839034e+02
1.431223253025187603e+02 3.779232726361265122e+02 2.940153057240387966e+02 4.731268328894483943e+02 4.108442527284518064e+02 8.032863748377660613e+02 4.373030985483638347e+02 7.195554182966034205e+02 2.072703548508565632e+02 2.176809592040608266e+02 0.000000000000000000e+00 4.316445296769090305e+02 5.092190098572518764e+02 1.134372072998978638e+02 1.049571341072154098e+02 3.074166553718259252e+02 7.299897259550986064e+02 2.963190847718047394e+02 4.159146547069482835e+02 8.843036808698694813e+02 1.052038497394463320e+03 2.224342599511145409e+02 8.855461591582902656e+02 9.802616997516530546e+02 8.310336936610933662e+02 9.733473172511444318e+02 7.192218016717791897e+02 4.529514322750288216e+02 5.657437582510301581e+02 8.411337586852640698e+02 4.356202474633152519e+02 4.478973096592566208e+02 9.508969449945667520e+02 6.543126164151200328e+02 3.403321906608306904e+02 1.133282400816319068e+03 5.874214841151112978e+02 7.911618039314082580e+02 4.440101350194610177e+02 3.791780584369301437e+02 7.221218733704166652e+02 7.339891007365164342e+02 6.758254212442736844e+02 5.457105459856901462e+02 1.133525915010327481e+03 1.011329817616389619e+03 2.111160818128263656e+02 7.720369162157985556e+02 4.916360442441135774e+02 1.894465623863362680e+02
4.033174928018867718e+02 1.090000000000000000e+02 3.092216033850157828e+02 5.412947441089742995e+01 6.551335741663679357e+01 4.215447781671598477e+02 4.832649376894624424e+02 5.194121677434982303e+02 4.150614412349092390e+02 2.496116984438029078e+02 4.316445296769090305e+02 0.000000000000000000e+00 7.762087348130012288e+01 3.601735692690400583e+02 4.824116499422459015e+02 3.688278731332543998e+02 3.040953797741754556e+02 1.487615541731128985e+02 6.957010852370434861e+01 7.924266527572126506e+02 7.657806474441620139e+02 4.672665192371479748e+02 5.620222415527698558e+02 6.857186011768967546e+02 5.309934086219902838e+02 6.114932542555151258e+02 5.407448566560758536e+02 3.128002557543711646e+02 3.118990221209422202e+02 6.753702688155586884e+02 5.021892073710863542e+02 2.444033551324531288e+02 8.182139084615953379e+02 6.029610269329187986e+02 2.044627105366648436e+02 8.837035702089247025e+02 3.777631533117013873e+02 6.318686572381953965e+02 1.754137964927502367e+02 7.324616030891995422e+01 6.484203883284361609e+02 5.299669801034777947e+02 2.495696295625731693e+02 1.581423409463765211e+02 7.827298384500235215e+02 8.684912204507309070e+02 4.769287158475572710e+02 6.470007727970655651e+02 2.694531499166413369e+02 3.454924022319448795e+02
4.780167361086848246e+02 1.684339633209407054e+02 3.681643654673819697e+02 5.024937810560444973e+01 1.178346298844274429e+02 3.628015986734347393e+02 5.275395719754111497e+02 5.116014073475560622e+02 4.859681059493513544e+02 3.224484454916785694e+02 5.092190098572518764e+02 7.762087348130012288e+01 0.000000000000000000e+00 4.356190996730974234e+02 5.581254339304024370e+02 4.260293417125163273e+02 2.288951725135329411e+02 2.225690903966676046e+02 1.204865137681392184e+02 7.969623579567606839e+02 7.270247588631352755e+02 5.356276691882151226e+02 5.182200304889805693e+02 6.466134857857513225e+02 4.952948616733268636e+02 5.549351313441959519e+02 5.369916200463467248e+02 3.410586459833557456e+02 3.139331138953009486e+02 6.682409744994689618e+02 5.481979569462112067e+02 2.693176563094220910e+02 8.136590194915803522e+02 6.229357912337354719e+02 2.590173739346455477e+02 8.516413564406087744e+02 3.790092347159894643e+02 6.279785028167763130e+02 1.984061490982575435e+02 1.404279174523356630e+02 6.618670561374088948e+02 5.205573935696236276e+02 1.747340836814615272e+02 1.273106437027163906e+02 7.267771322764633624e+02 8.605230967266363677e+02 5.464448737063968338e+02 6.499699993076603732e+02 2.886000693000609658e+02 4.180071769718792893e+02
2.156478611069444469e+02 3.326409475695979268e+02 1.806017718628474711e+02 3.936864234387566626e+02 3.264980857524282669e+02 7.024734870441731118e+02 3.355741348793139878e+02 6.061319988253384281e+02 2.768122107133281702e+02 1.184440796325422127e+02 1.134372072998978638e+02 3.601735692690400583e+02 4.356190996730974234e+02 0.000000000000000000e+00 1.225887433657756418e+02 1.979419106707823914e+02 6.455269165573190548e+02 2.134127456362435851e+02 3.610886317789581312e+02 7.777049569084666700e+02 9.392768494964623187e+02 1.538343264684446297e+02 7.758169887286562698e+02 8.680581777738171922e+02 7.199423588038142725e+02 8.672744663599868318e+02 6.060660030062732631e+02 3.397955267510153590e+02 5.532612402834668046e+02 7.290061728133720180e+02 3.372847461715397799e+02 3.381124073440665825e+02 8.414517217285849711e+02 5.481541753922887210e+02 2.343885662740399027e+02 1.019847537625109908e+03 4.744891990340770462e+02 6.790029455017113378e+02 3.412638275586792815e+02 2.974357073385776289e+02 6.150447138216862868e+02 6.205610364823108966e+02 5.924862867611367392e+02 4.946311757259139767e+02 1.025048779327110879e+03 9.015630870881971077e+02 1.517959156235766329e+02 6.615474283828787065e+02 4.809345069757419537e+02 2.305341623274086373e+02
2.480403193031326623e+02 4.483324659223331423e+02 2.712802978470791686e+02 5.162450968290158926e+02 4.488262470043391090e+02 8.165102571309192854e+02 3.712276929325181527e+02 6.860029154456998413e+02 3.120208326378224228e+02 2.396434852024982547e+02 1.049571341072154098e+02 4.824116499422459015e+02 5.581254339304024370e+02 1.225887433657756418e+02 0.000000000000000000e+00 2.636000758725232345e+02 7.672346446817948618e+02 3.360014880919428037e+02 4.800802016330188167e+02 8.199835364200918093e+02 1.028208636415781029e+03 1.390863041424280482e+02 8.769264507357501088e+02 9.605066371452099929e+02 8.175603953225718215e+02 9.748071604168693511e+02 6.805938583325594209e+02 4.315842907243033437e+02 6.554769256045555039e+02 7.939735511967637649e+02 3.647807560713695239e+02 4.433734317705561239e+02 8.930089585216936712e+02 5.913383126434478072e+02 3.479683893689195315e+02 1.097964024911563229e+03 5.657561312084916381e+02 7.445837763475644806e+02 4.561282714324995595e+02 4.199904760824940695e+02 6.602454089200468843e+02 7.005626310330861770e+02 7.144592360659913766e+02 6.132405726955776117e+02 1.127970301027469532e+03 9.540335423872684260e+02 1.229715414232089756e+02 7.187412608164358971e+02 5.817233019228299327e+02 2.917841668082762681e+02
4.083148295127180631e+02 3.993356983791957191e+02 6.016643582596529427e+01 3.760000000000000000e+02 3.095835912964380441e+02 5.898016615778561800e+02 1.466049112410631210e+02 4.224038352098617111e+02 4.653536289747830210e+02 1.711724276862368868e+02 3.074166553718259252e+02 3.688278731332543998e+02 4.260293417125163273e+02 1.979419106707823914e+02 2.636000758725232345e+02 0.000000000000000000e+00 5.869310010554903556e+02 2.410808992848666037e+02 4.048826990623333586e+02 5.799879309089112667e+02 7.656382958029201973e+02 1.518551941818257376e+02 6.234428602526458008e+02 6.995112579508638646e+02 5.609598916143648921e+02 7.297246055876148603e+02 4.175368247232811427e+02 1.773414785096819912e+02 6.440846217695311680e+02 5.348990558974655869e+02 1.555634918610404611e+02 2.121438191416379766e+02 6.438167441127949360e+02 3.508275929855004733e+02 1.670119756185166580e+02 8.346795792398421554e+02 3.068110167513546003e+02 4.850566977168751350e+02 2.549745085297743969e+02 2.957583473040110107e+02 4.172684986911904161e+02 4.369633851937711029e+02 5.407078693712529684e+02 5.262822436677870428e+02 8.749422838107665257e+02 7.041001349240035552e+02 1.702380685980665191e+02 4.646202750634113272e+02 5.801491187617197056e+02 4.078443330487748995e+02
7.068047821004042817e+02 3.944426447533278406e+02 5.377769054171069456e+02 2.573868683519032743e+02 3.200031249847413619e+02 1.936440032637210322e+02 6.481674166448048027e+02 4.915007629699063045e+02 7.141498442203849208e+02 5.275945412909425158e+02 7.299897259550986064e+02 3.040953797741754556e+02 2.288951725135329411e+02 6.455269165573190548e+02 7.672346446817948618e+02 5.869310010554903556e+02 0.000000000000000000e+00 4.348241023678425563e+02 3.461820330404222545e+02 7.882956298242430648e+02 5.916840373036947085e+02 7.205137056295320690e+02 3.822734623276902539e+02 5.149951456081892047e+02 3.896511260088952895e+02 3.726258176777341760e+02 5.255520906627619979e+02 4.454862511907634826e+02 4.605746410735180802e+02 6.337452169444752599e+02 6.718690348572406492e+02 3.830208871589119894e+02 7.772695800042607743e+02 6.704028639556963753e+02 4.321307672452865063e+02 7.309733237266597143e+02 4.081188552370497860e+02 6.065311203887233660e+02 3.320542124412819476e+02 3.509943019480516000e+02 6.878408246098802010e+02 4.944946915791917945e+02 5.456189146281496249e+01 2.778938646318050587e+02 5.391289270666154607e+02 8.116261454635379096e+02 7.344555806854489219e+02 6.467209599201188439e+02 4.667943872841660209e+02 6.467804882647589011e+02
3.034419219554213214e+02 1.583445610054226051e+02 1.816039647144301625e+02 1.804217281815025729e+02 1.148651383144598839e+02 5.134218538395108453e+02 3.747332384510346515e+02 5.093181716766052887e+02 3.350492501110844046e+02 1.008959860450355137e+02 2.963190847718047394e+02 1.487615541731128985e+02 2.225690903966676046e+02 2.134127456362435851e+02 3.360014880919428037e+02 2.410808992848666037e+02 4.348241023678425563e+02 0.000000000000000000e+00 1.668831926827863583e+02 7.475894595297609158e+02 8.057902953002102322e+02 3.207553584899245038e+02 6.185895246445739986e+02 7.286288492778747923e+02 5.733306201486190048e+02 6.920997037999654822e+02 5.215870013717749316e+02 2.527647127270735155e+02 4.034067426308092763e+02 6.564030773846204738e+02 3.896665240946417157e+02 2.069033590834136191e+02 7.899493654659138429e+02 5.352382647008713548e+02 1.071867529128483341e+02 9.076001322168259549e+02 3.626913288183217787e+02 6.084274812991274075e+02 1.694343530692639774e+02 8.431488599292535469e+01 5.912672830454937412e+02 5.222767465625862542e+02 3.810839802458245344e+02 2.960016891843693543e+02 8.582703536765091030e+02 8.455583953814189044e+02 3.294373992126576809e+02 6.098196454690518067e+02 3.414220262373240757e+02 2.630076044527990575e+02
3.657280410359588245e+02 4.830113870293328659e+01 3.447462835187639598e+02 1.195073219514185183e+02 1.268227108999015229e+02 4.813855004048210731e+02 5.299481106674501234e+02 5.881028821558350046e+02 3.683313725438005690e+02 2.630019011338130781e+02 4.159146547069482835e+02 6.957010852370434861e+01 1.204865137681392184e+02 3.610886317789581312e+02 4.800802016330188167e+02 4.048826990623333586e+02 3.461820330404222545e+02 1.668831926827863583e+02 0.000000000000000000e+00 8.580093239586618665e+02 8.337793473095864556e+02 4.850092782617668377e+02 6.285801460434461205e+02 7.535847663003811476e+02 5.993479790572417869e+02 6.728833479883419386e+02 6.087635008769825617e+02 3.721558813185678787e+02 2.508326135094876292e+02 7.437371847635427002e+02 5.472202481633880780e+02 3.066088713654580715e+02 8.859627531674229886e+02 6.634832326442018484e+02 2.491766441703555870e+02 9.528000839630525434e+02 4.453818586336897738e+02 6.997385225925467012e+02 2.402040798987394510e+02 1.192015100575491857e+02 7.114190045254624692e+02 5.988430512246092121e+02 2.929590415058050326e+02 1.335552320203143495e+02 8.445933932964429687e+02 9.368078778490283867e+02 4.922286054263811366e+02 7.133091896225647588e+02 2.024080037943163859e+02 3.025111568190502567e+02
9.868074786907525322e+02 8.800823825074559181e+02 6.109680842728203061e+02 7.591271303279839913e+02 7.312017505449505279e+02 6.375766620571992007e+02 4.491603277227408739e+02 2.976592011008562508e+02 1.041114787139247255e+03 7.290500668678386091e+02 8.843036808698694813e+02 7.924266527572126506e+02 7.969623579567606839e+02 7.777049569084666700e+02 8.199835364200918093e+02 5.799879309089112667e+02 7.882956298242430648e+02 7.475894595297609158e+02 8.580093239586618665e+02 0.000000000000000000e+00 4.440000000000000000e+02 6.817990906418107215e+02 4.941831644238803847e+02 4.398295124249849550e+02 4.405019863746359761e+02 6.142637869840610847e+02 2.656332057556057862e+02 4.953947920598277506e+02 1.103445966053616985e+03 1.649393828047140573e+02 4.554843575799283144e+02 5.530867924657032972e+02 9.667471230885561795e+01 2.299956521328174972e+02 6.405411774429494471e+02 4.048505897241598177e+02 4.180011961705372983e+02 1.820164827701051991e+02 6.178235994197696073e+02 7.439576600855723427e+02 1.627421273057471183e+02 2.938383909566617262e+02 7.785788335165553917e+02 9.242104738640435926e+02 6.492842212775542521e+02 1.507348665704122936e+02 6.994833807889934860e+02 1.471393896956216167e+02 1.060402282155220519e+03 9.783358319104947896e+02
1.104647002440146025e+03 8.743094417882034577e+02 7.609112957500368566e+02 7.143178564196754223e+02 7.282746734577551706e+02 3.980452235613436187e+02 7.004691285131700624e+02 3.478174808717928954e+02 1.140750630067763723e+03 8.432994723109934512e+02 1.052038497394463320e+03 7.657806474441620139e+02 7.270247588631352755e+02 9.392768494964623187e+02 1.028208636415781029e+03 7.656382958029201973e+02 5.916840373036947085e+02 8.057902953002102322e+02 8.337793473095864556e+02 4.440000000000000000e+02 0.000000000000000000e+00 9.112595678510048174e+02 2.122286502807761792e+02 8.041144197189849763e+01 2.352573059439387464e+02 2.527449307107859795e+02 3.633524459804832532e+02 5.997932977284757499e+02 1.029287617724025722e+03 3.117515036050347703e+02 7.197235580415580216e+02 6.094661598481084184e+02 3.655707865790153619e+02 5.332260308724621609e+02 7.213910174101143866e+02 1.442775103749714560e+02 4.648408329740407225e+02 3.415757602641030530e+02 6.365924913160695269e+02 7.560059523575195044e+02 4.861738372228600156e+02 3.336540124140574335e+02 6.139324067028877607e+02 8.340533556074215085e+02 2.111918559035835585e+02 3.550901294037895468e+02 9.305294192017788646e+02 3.974845908963013130e+02 1.014694535315924554e+03 1.068796051639413463e+03
3.565347107926519925e+02 4.652794859006788215e+02 1.852997571504075154e+02 4.879877047631425739e+02 4.183993307834036273e+02 7.386487663294375352e+02 2.342584043316269060e+02 5.647698646351450407e+02 4.204878119517853747e+02 2.220090088262185759e+02 2.224342599511145409e+02 4.672665192371479748e+02 5.356276691882151226e+02 1.538343264684446297e+02 1.390863041424280482e+02 1.518551941818257376e+02 7.205137056295320690e+02 3.207553584899245038e+02 4.850092782617668377e+02 6.817990906418107215e+02 9.112595678510048174e+02 0.000000000000000000e+00 7.748477269760813897e+02 8.474196127067157249e+02 7.116909441604550466e+02 8.815497717088921945e+02 5.556518694290517715e+02 3.291959902550455013e+02 6.980580205111892838e+02 6.626771461277354547e+02 2.263183598385247990e+02 3.592005011132362142e+02 7.565183408219526200e+02 4.540176208034221190e+02 2.884805019407723989e+02 9.723219631377253336e+02 4.573587213555679227e+02 6.139218191268331566e+02 3.912339453575060020e+02 3.960568141062592531e+02 5.230344156936520221e+02 5.792313872710973328e+02 6.711549746519056043e+02 6.164292335702452874e+02 1.026235840340805908e+03 8.176264428209253765e+02 1.931320791582796659e+01 5.847016333139492872e+02 6.273603430246448625e+02 3.818494467718920191e+02
9.216355027883854518e+02 6.710186286534823239e+02 6.056640983251360240e+02 5.092514113873421593e+02 5.304573498406822409e+02 1.898341381311591078e+02 5.938770916612292012e+02 2.615645235883490614e+02 9.522189874183353595e+02 6.699440275127467430e+02 8.855461591582902656e+02 5.620222415527698558e+02 5.182200304889805693e+02 7.758169887286562698e+02 8.769264507357501088e+02 6.234428602526458008e+02 3.822734623276902539e+02 6.185895246445739986e+02 6.285801460434461205e+02 4.941831644238803847e+02 2.122286502807761792e+02 7.748477269760813897e+02 0.000000000000000000e+00 1.333304166347649300e+02 6.946221994724902515e+01 1.287361643051399938e+02 2.935574901105403569e+02 4.471028964343666416e+02 8.174411293787461545e+02 3.299484808269315295e+02 6.165233166718027178e+02 4.378173134995919895e+02 4.495119575717646967e+02 4.851360633884065123e+02 5.462325512087319339e+02 3.487936352630305805e+02 3.183080269173242414e+02 3.289513641862577629e+02 4.502010661915406899e+02 5.601428389259297091e+02 4.633659460944448938e+02 2.525787006063654587e+02 4.020795941104198619e+02 6.223889459172615943e+02 2.515571505642405725e+02 4.672686593385008678e+02 7.935200060489968337e+02 3.866277279244208671e+02 8.045433487388979756e+02 8.798556699822988776e+02
1.028809506176920877e+03 7.943456426518622493e+02 6.912539330810350293e+02 6.341009383371073227e+02 6.490192601148289668e+02 3.217359165526907532e+02 6.442243398071823322e+02 2.906561542441515371e+02 1.063677582728901825e+03 7.693529749081367299e+02 9.802616997516530546e+02 6.857186011768967546e+02 6.466134857857513225e+02 8.680581777738171922e+02 9.605066371452099929e+02 6.995112579508638646e+02 5.149951456081892047e+02 7.286288492778747923e+02 7.535847663003811476e+02 4.398295124249849550e+02 8.041144197189849763e+01 8.474196127067157249e+02 1.333304166347649300e+02 0.000000000000000000e+00 1.560512736250492765e+02 1.973068675946176995e+02 3.118348922106055738e+02 5.298546970632609145e+02 9.493118560304616267e+02 2.893872837565604073e+02 6.646773653435176357e+02 5.350934497823720903e+02 3.741336659537604419e+02 4.936273898397454332e+02 6.466784363190100748e+02 2.161342175593674995e+02 3.949746827329569214e+02 3.087069808086626495e+02 5.592280393542512229e+02 6.771063431987622607e+02 4.544722213733199965e+02 2.773463538610161550e+02 5.353923794750911611e+02 7.540059681461414129e+02 2.148487840319325528e+02 3.767505806233083945e+02 8.665892914177973125e+02 3.676139279189513900e+02 9.343195384877702736e+02 9.915750097698106629e+02
8.745152943202308506e+02 6.393129124302120090e+02 5.465016010955503134e+02 4.800541636107325871e+02 4.930821432580985402e+02 2.083314666583039241e+02 5.258374273480350212e+02 1.927718859170081487e+02 9.083094186454305827e+02 6.176082900998010246e+02 8.310336936610933662e+02 5.309934086219902838e+02 4.952948616733268636e+02 7.199423588038142725e+02 8.175603953225718215e+02 5.609598916143648921e+02 3.896511260088952895e+02 5.733306201486190048e+02 5.993479790572417869e+02 4.405019863746359761e+02 2.352573059439387464e+02 7.116909441604550466e+02 6.946221994724902515e+01 1.560512736250492765e+02 0.000000000000000000e+00 1.970228413154170255e+02 2.255681715136246908e+02 3.861942516402853016e+02 8.027857746622071318e+02 2.756102320306704314e+02 5.482663586250755543e+02 3.836000521376398069e+02 4.055317496818220775e+02 4.168117080889163049e+02 4.942317270269078904e+02 3.567099662190559002e+02 2.543324595878394803e+02 2.681865022703416912e+02 4.039009779636588178e+02 5.210614167255142775e+02 3.976845483545972684e+02 1.843936007566423143e+02 4.002161915765028084e+02 6.074644022492182103e+02 3.154932645873759611e+02 4.306796953653608284e+02 7.305402110767072372e+02 3.241542842536559874e+02 7.838271493129080909e+02 8.361225986660090257e+02
9.945013826033626856e+02 7.187523913003698226e+02 7.054034306692873315e+02 5.573670245000147361e+02 5.921418748914824164e+02 1.923746345025767823e+02 7.134010092507579657e+02 3.897858386344993846e+02 1.018567621711980451e+03 7.557155549543756479e+02 9.733473172511444318e+02 6.114932542555151258e+02 5.549351313441959519e+02 8.672744663599868318e+02 9.748071604168693511e+02 7.297246055876148603e+02 3.726258176777341760e+02 6.920997037999654822e+02 6.728833479883419386e+02 6.142637869840610847e+02 2.527449307107859795e+02 8.815497717088921945e+02 1.287361643051399938e+02 1.973068675946176995e+02 1.970228413154170255e+02 0.000000000000000000e+00 4.221907151987120415e+02 5.524201299735555040e+02 8.308002166586139765e+02 4.521869082580786312e+02 7.366260923969500709e+02 5.314555484704247874e+02 5.607655481571598557e+02 6.136855872513220902e+02 6.334484983011641361e+02 3.964744632381762699e+02 4.316028266821244870e+02 4.553789630626342273e+02 5.299528280894442105e+02 6.239527225679843241e+02 5.917981074657133149e+02 3.811364585027257590e+02 4.078688514706657315e+02 6.409563167642550070e+02 1.718429515575195126e+02 5.701903191040689762e+02 8.997249579732686016e+02 5.137489659356989478e+02 8.293473337510647525e+02 9.466070990648654515e+02
7.957009488495033338e+02 6.363976744143554924e+02 4.257945513977368819e+02 5.025385557347814256e+02 4.835380026430187286e+02 3.907492802296633840e+02 3.375233325268047224e+02 3.622154055254966920e+01 8.420789749186236577e+02 5.285158464984754119e+02 7.192218016717791897e+02 5.407448566560758536e+02 5.369916200463467248e+02 6.060660030062732631e+02 6.805938583325594209e+02 4.175368247232811427e+02 5.255520906627619979e+02 5.215870013717749316e+02 6.087635008769825617e+02 2.656332057556057862e+02 3.633524459804832532e+02 5.556518694290517715e+02 2.935574901105403569e+02 3.118348922106055738e+02 2.255681715136246908e+02 4.221907151987120415e+02 0.000000000000000000e+00 2.757480734293532691e+02 8.479257042925399901e+02 1.357718674836580419e+02 3.564225020954765455e+02 3.156010139400696062e+02 2.776274482107271524e+02 1.916376789673680037e+02 4.192970307550484108e+02 4.174218489729544785e+02 1.636826197248809933e+02 9.126335518706289918e+01 3.712478956169314301e+02 5.011985634456667071e+02 1.760113632695343995e+02 4.123105625617660763e+01 5.134861244473895567e+02 6.635962627983976745e+02 5.182055576699269750e+02 3.282742755684642475e+02 5.749521719238914557e+02 1.211981848048888821e+02 8.101913354263917881e+02 7.735955015381100566e+02
5.204238657094811060e+02 3.882125706362430719e+02 1.614001239156897327e+02 2.938468989116611283e+02 2.476933588128676433e+02 4.184925327888180959e+02 2.027140843651471585e+02 2.700462923278155358e+02 5.663426524640361777e+02 2.531600284405103309e+02 4.529514322750288216e+02 3.128002557543711646e+02 3.410586459833557456e+02 3.397955267510153590e+02 4.315842907243033437e+02 1.773414785096819912e+02 4.454862511907634826e+02 2.527647127270735155e+02 3.721558813185678787e+02 4.953947920598277506e+02 5.997932977284757499e+02 3.291959902550455013e+02 4.471028964343666416e+02 5.298546970632609145e+02 3.861942516402853016e+02 5.524201299735555040e+02 2.757480734293532691e+02 0.000000000000000000e+00 6.226756780218736367e+02 4.077462446178995492e+02 2.263846284534354254e+02 7.186793443532380365e+01 5.378196723809942341e+02 2.913588852257641406e+02 1.465366848267013324e+02 6.820263924512012181e+02 1.350296263788062276e+02 3.587338846554643510e+02 1.426954799564443022e+02 2.538759539617724386e+02 3.418084258762501690e+02 2.841425698483069482e+02 4.070442236416087667e+02 4.630259172011864734e+02 6.986515583608183988e+02 5.942364849115207335e+02 3.475068344651655821e+02 3.571582282406496915e+02 5.723224615546728273e+02 4.981335162383675765e+02
4.576832966145913701e+02 2.451774867315512836e+02 5.849555538671293107e+02 3.454113489739443708e+02 3.755862084794914040e+02 6.424865757352444007e+02 7.765565014858867698e+02 8.240206308096903740e+02 4.231040061261533083e+02 4.841993391156167377e+02 5.657437582510301581e+02 3.118990221209422202e+02 3.139331138953009486e+02 5.532612402834668046e+02 6.554769256045555039e+02 6.440846217695311680e+02 4.605746410735180802e+02 4.034067426308092763e+02 2.508326135094876292e+02 1.103445966053616985e+03 1.029287617724025722e+03 6.980580205111892838e+02 8.174411293787461545e+02 9.493118560304616267e+02 8.027857746622071318e+02 8.308002166586139765e+02 8.479257042925399901e+02 6.226756780218736367e+02 0.000000000000000000e+00 9.807364579743123159e+02 7.924802836664140386e+02 5.558506993788889758e+02 1.125399928914161592e+03 9.138276642781175951e+02 4.975660760140305001e+02 1.159286418448866243e+03 6.867386693641184365e+02 9.391725081155218504e+02 4.873120150375937669e+02 3.699756748760653409e+02 9.602884983170422402e+02 8.334614568172903546e+02 4.231335486581039049e+02 1.954328529188478001e+02 9.992882467036225762e+02 1.173477737326106990e+03 7.009507828656730908e+02 9.573865468033275192e+02 7.410802925459562118e+01 3.898820334408858344e+02
9.249789186786907749e+02 7.719922279401522474e+02 5.506623284736300548e+02 6.357523102592707573e+02 6.189450702606815184e+02 4.750168418066879212e+02 4.324118407259449555e+02 1.567226850203888091e+02 9.732610132949947683e+02 6.585992711808903550e+02 8.411337586852640698e+02 6.753702688155586884e+02 6.682409744994689618e+02 7.290061728133720180e+02 7.939735511967637649e+02 5.348990558974655869e+02 6.337452169444752599e+02 6.564030773846204738e+02 7.437371847635427002e+02 1.649393828047140573e+02 3.117515036050347703e+02 6.626771461277354547e+02 3.299484808269315295e+02 2.893872837565604073e+02 2.756102320306704314e+02 4.521869082580786312e+02 1.357718674836580419e+02 4.077462446178995492e+02 9.807364579743123159e+02 0.000000000000000000e+00 4.468299452811997980e+02 4.510277153346565910e+02 1.464137971640651017e+02 2.324672019877212676e+02 5.529846290811345852e+02 3.206321880285883026e+02 2.992824752637548045e+02 5.000999900019994726e+01 5.069210983969793460e+02 6.369317074851902589e+02 1.767993212656654975e+02 1.478986139218349933e+02 6.289117585162484829e+02 7.939130934806403275e+02 5.038025406843439100e+02 1.931269012851394677e+02 6.817037479726806168e+02 8.902246907382428276e+01 9.446861912825867194e+02 9.057173952177356568e+02
5.527576322403879203e+02 5.473655085954904962e+02 2.100000000000000000e+02 4.982930864461195597e+02 4.384084853193423328e+02 6.305442093937584787e+02 2.435159132377184221e+01 3.740655022853617879e+02 6.126940508932659668e+02 3.267108813614875658e+02 4.356202474633152519e+02 5.021892073710863542e+02 5.481979569462112067e+02 3.372847461715397799e+02 3.647807560713695239e+02 1.555634918610404611e+02 6.718690348572406492e+02 3.896665240946417157e+02 5.472202481633880780e+02 4.554843575799283144e+02 7.197235580415580216e+02 2.263183598385247990e+02 6.165233166718027178e+02 6.646773653435176357e+02 5.482663586250755543e+02 7.366260923969500709e+02 3.564225020954765455e+02 2.263846284534354254e+02 7.924802836664140386e+02 4.468299452811997980e+02 0.000000000000000000e+00 2.920017123237464602e+02 5.315072906367324777e+02 2.285607140345864536e+02 2.987858765069058791e+02 7.639437152042027037e+02 3.085984445845442110e+02 4.000499968753905478e+02 3.558258000763856899e+02 4.315703882334838681e+02 2.975449545866977132e+02 3.876041795440291935e+02 6.327598280548473895e+02 6.599946969483921748e+02 8.612572205793110243e+02 5.926356384828708315e+02 2.440512241313286381e+02 3.642965824709312415e+02 7.309945280232951745e+02 5.591395174730542976e+02
4.961370778323264972e+02 3.270015290484128627e+02 1.760710084028600022e+02 2.225241559921079784e+02 1.803136156811237640e+02 3.795220678695772563e+02 2.691505155113027286e+02 3.024235440570062678e+02 5.360083954566383682e+02 2.342925521650229541e+02 4.478973096592566208e+02 2.444033551324531288e+02 2.693176563094220910e+02 3.381124073440665825e+02 4.433734317705561239e+02 2.121438191416379766e+02 3.830208871589119894e+02 2.069033590834136191e+02 3.066088713654580715e+02 5.530867924657032972e+02 6.094661598481084184e+02 3.592005011132362142e+02 4.378173134995919895e+02 5.350934497823720903e+02 3.836000521376398069e+02 5.314555484704247874e+02 3.156010139400696062e+02 7.186793443532380365e+01 5.558506993788889758e+02 4.510277153346565910e+02 2.920017123237464602e+02 0.000000000000000000e+00 5.877627072212050052e+02 3.586321234914686329e+02 1.120089282155668116e+02 7.040348002762362967e+02 1.558589105569521109e+02 4.038873605350877938e+02 7.119691004531024703e+01 1.908821626030049003e+02 4.048209480745777569e+02 3.153791369130177600e+02 3.415025622158639180e+02 3.920459156782531522e+02 6.870262003737557279e+02 6.418473338730947262e+02 3.760558469163855193e+02 4.104400077965109972e+02 5.084348532506401739e+02 4.653106489217714170e+02
